02 24 24 18 22 21 20 22 23 33 02 03 27
13 02 16 09 09 03 33 16 28 04 11 26 39 
02 04 11 32 22 01 16 15 22 39 09 12 13 
37 19 23 09 35 13 03 18 04 37 01 20 21 
31 21 33 16 15 24 19 23 28 14 14 01 22 
02 13 06 13 06 31 22 07 00 04 14 14 36 
30 00 31 38 35 35 20 02 05 28 10 05 13 
27 04 14 10 39 19 03 38 33 39 36 09 15 
01 02 38 02 23 18 32 40 21 01 10 35 00 
22 31 06 24 22 08 39 24 17 30 02 16 32 
38 25 25 01 26 27 24 01 40 13 05 36 29 
30 00 05 30 06 02 20 39 08 26 32 25 04 
06 11 31 05 19 32 27 35 16 07 20 25 26 
17 21 39 29 14 39 24 14 23 21 23 36 31 
12 21 23 20 03 12 09 02 22 30 01 29 19 
03 16 00 17 21 26 00 18 01 26 14 21 17 
30 20 15 35 32 35 12 11 33 11 36 02 33 
02 29 16 18 38 00 02 26 21 35 21 00 09 
25 00 05 03 02 15 00 40 13 10 40 04 03 
08 28 29 12 25 40 07 31 29 20 03 33 23 
40 35 09 27 25 06 39 32 02 36 03 38 38 
03 15 32 16 02 05 33 37 11 37 04 12 36 
05 19 36 04 10 28 30 27 37 38 05 09 38 
28 08 39 37 39 13 14 00 27 35 15 04 08 
18 09 33 09 07 09 34 23 16 22 19 13 29
